7	15
107	21
154	13
62	104
40	123
74	140
4	136
49	77
16
27
23
15
23
33
32
17
14
17
32
4
29
24
0
0.89	0.08	0.96	0.18	0.06	0.71	0.99	0.92	0.31	0.58	0.88	0.87	0.42	0.88	0.31	
0.63	0.32	0.65	0.17	0.26	0.52	0.67	0.63	0.08	0.5	0.58	0.57	0.18	0.57	0.15	
0.29	0.82	0.39	0.69	0.77	0.45	0.15	0.18	0.53	0.65	0.39	0.12	0.54	0.35	0.55	
0.25	0.62	0.77	0.61	0.62	0.06	0.52	0.35	0.41	0.25	0.74	0.35	0.61	0.71	0.38	
0.52	0.48	0.98	0.56	0.51	0.26	0.78	0.62	0.4	0.03	0.94	0.61	0.66	0.91	0.34	
0.49	0.49	0.96	0.56	0.51	0.23	0.75	0.59	0.39	0.02	0.91	0.58	0.65	0.89	0.34	
0.83	0.54	0.55	0.32	0.46	0.8	0.75	0.79	0.4	0.81	0.47	0.72	0.14	0.48	0.46	
